=================================================================
=========================X_A_chi2_20***14=============================
=================================================================

{{ 1.17535253,  2.56122665,  0.30280669,  1.36834717,  3.0584768 , 0. ,  0. ,  0. ,  0. ,  1. , 0. ,  0. ,  0. ,  0. },
 { 1.17535253, -0.43810428,  0.76373518,  1.36834717,  1.03013394, 0. ,  0. ,  0. ,  0. ,  0. , 1. ,  0. ,  0. ,  0. },
 {-0.69937616, -0.4630987 , -1.23362164, -0.48416051, -0.57590322, 0. ,  1. ,  0. ,  0. ,  0. , 0. ,  0. ,  0. ,  0. },
 { 1.17535253,  2.56122665,  0.76373518,  1.36834717,  0.91295312, 0. ,  0. ,  0. ,  0. ,  1. , 0. ,  0. ,  0. ,  0. },
 {-0.69937616, -0.47143018, -1.23362164, -0.71085361, -0.57590322, 0. ,  1. ,  0. ,  0. ,  0. , 0. ,  0. ,  0. ,  0. }}

=================================================================
=========================X_A_chi2_40***29=============================
=================================================================

{{ 1.2586783 ,  2.10222856,  1.22817558,  1.43894656,  1.17535253, 2.56122665,  0.30280669, -0.21898712,  1.36834717,  3.0584768 , 0 ,  0 ,  0 ,  0 ,  1 , 0 ,  0 ,  0 ,  0 ,  1 , 0 ,  0 ,  0 ,  0 ,  0 , 1 ,  0 ,  0 ,  0 },
 { 0.54988744,  2.1023312 , -0.26040787,  0.18423392,  1.17535253,-0.43810428,  0.76373518, -0.13645276,  1.36834717,  1.03013394, 0 ,  0 ,  0 ,  0 ,  0 , 1 ,  0 ,  0 ,  0 ,  1 , 0 ,  0 ,  0 ,  0 ,  0 , 1 ,  0 ,  0 ,  0 },
 {-0.95629315, -0.47568569, -0.26040787, -0.27802863, -0.69937616,-0.4630987 , -1.23362164, -0.18447275, -0.48416051, -0.57590322, 0 ,  1 ,  0 ,  0 ,  0 , 0 ,  0 ,  0 ,  0 ,  0 , 1 ,  0 ,  0 ,  0 ,  0 , 1 ,  0 ,  0 ,  0 },
  { 1.2586783 , -0.47568569, -0.26040787, -0.27802863,  1.17535253, 2.56122665,  0.76373518,  2.86029498,  1.36834717,  0.91295312, 0 ,  0 ,  0 ,  0 ,  1 , 0 ,  0 ,  0 ,  0 ,  1 , 0 ,  0 ,  0 ,  0 ,  0 , 1 ,  0 ,  0 ,  0 },
  {-0.95629315, -0.47568569, -0.26040787, -0.27802863, -0.69937616,-0.47143018, -1.23362164, -0.187474  , -0.71085361, -0.57590322, 0 ,  1 ,  0 ,  0 ,  0 , 0 ,  0 ,  0 ,  0 ,  0 , 1 ,  0 ,  0 ,  0 ,  0 , 1 ,  0 ,  0 ,  0 }}

=================================================================
=========================X_A_chi2_60**36=============================
=================================================================
{{ 1.2586783 ,  2.10222856,  1.22817558,  1.43894656,  1.17535253, 2.56122665, -0.50352044,  0.30280669,  0.00554996, -0.00670462,-0.21898712, -0.14969287, -0.02305039,  1.36834717,  3.0584768 , 0 ,  0 ,  0 ,  0 ,  0 , 0 ,  1 ,  0 ,  0 ,  0 , 0 ,  1 ,  0 ,  0 ,  0 , 0 ,  0 ,  1 ,  0 ,  0 , 0 },
 { 0.54988744,  2.1023312 , -0.26040787,  0.18423392,  1.17535253,-0.43810428,  0.1135058 ,  0.76373518,  0.00553256, -0.00680031,-0.13645276, -0.15312442, -0.02646807,  1.36834717,  1.03013394, 0 ,  0 ,  0 ,  0 ,  0 , 0 ,  0 ,  1 ,  0 ,  0 , 0 ,  1 ,  0 ,  0 ,  0 , 0 ,  0 ,  1 ,  0 ,  0 , 0 },
 {-0.95629315, -0.47568569, -0.26040787, -0.27802863, -0.69937616,-0.4630987 , -0.09216961, -1.23362164,  0.00553053, -0.00680536,-0.18447275, -0.15355336, -0.02740016, -0.48416051, -0.57590322, 0 ,  0 ,  0 ,  1 ,  0 , 0 ,  0 ,  0 ,  0 ,  0 , 0 ,  0 ,  1 ,  0 ,  0 , 0 ,  0 ,  1 ,  0 ,  0 , 0 },
 { 1.2586783 , -0.47568569, -0.26040787, -0.27802863,  1.17535253, 2.56122665,  0.1135058 ,  0.76373518,  0.00565916, -0.00670922, 2.86029498,  0.76095504, -0.02460388,  1.36834717,  0.91295312, 0 ,  0 ,  0 ,  0 ,  0 , 0 ,  1 ,  0 ,  0 ,  0 , 0 ,  1 ,  0 ,  0 ,  0 , 0 ,  0 ,  1 ,  0 ,  0 , 0 },
 {-0.95629315, -0.47568569, -0.26040787, -0.27802863, -0.69937616,-0.47143018, -0.29784503, -1.23362164,  0.0055304 , -0.00680536,-0.187474  , -0.15355336, -0.02740016, -0.71085361, -0.57590322, 0 ,  0 ,  0 ,  1 ,  0 , 0 ,  0 ,  0 ,  0 ,  0 , 0 ,  0 ,  1 ,  0 ,  0 , 0 ,  0 ,  1 ,  0 ,  0 , 0 }}

=================================================================
=========================X_A_mRMR_20**10=============================
=================================================================
{{ 1.17535253,  2.56122665,  0.30280669,  1.36834717,  3.0584768 , 0 ,  1 ,  0 ,  0 ,  0 },
 { 1.17535253, -0.43810428,  0.76373518,  1.36834717,  1.03013394, 0 ,  1 ,  0 ,  0 ,  0 },
 {-0.69937616, -0.4630987 , -1.23362164, -0.48416051, -0.57590322, 0 ,  0 ,  1 ,  0 ,  0 },
 { 1.17535253,  2.56122665,  0.76373518,  1.36834717,  0.91295312, 0 ,  1 ,  0 ,  0 ,  0 },
 {-0.69937616, -0.47143018, -1.23362164, -0.71085361, -0.57590322, 0 ,  0 ,  1 ,  0 ,  0 }}

=================================================================
=========================X_A_mRMR_40***28=============================
=================================================================
{{ 1.2586783 ,  2.10222856,  1.22817558,  1.43894656,  1.17535253, 2.56122665,  0.30280669, -0.21898712,  1.36834717,  3.0584768 , 0 ,  0 ,  0 ,  0 ,  1 , 0 ,  0 ,  0 ,  0 ,  1 , 0 ,  0 ,  0 ,  0 ,  0 , 0 ,  1 ,  0 },
 { 0.54988744,  2.1023312 , -0.26040787,  0.18423392,  1.17535253,-0.43810428,  0.76373518, -0.13645276,  1.36834717,  1.03013394, 0 ,  0 ,  0 ,  0 ,  0 , 1 ,  0 ,  0 ,  0 ,  1 , 0 ,  0 ,  0 ,  0 ,  0 , 0 ,  1 ,  0 },
 {-0.95629315, -0.47568569, -0.26040787, -0.27802863, -0.69937616,-0.4630987 , -1.23362164, -0.18447275, -0.48416051, -0.57590322, 0 ,  1 ,  0 ,  0 ,  0 , 0 ,  0 ,  0 ,  0 ,  0 , 1 ,  0 ,  0 ,  0 ,  0 , 0 ,  1 ,  0 },
 { 1.2586783 , -0.47568569, -0.26040787, -0.27802863,  1.17535253, 2.56122665,  0.76373518,  2.86029498,  1.36834717,  0.91295312, 0 ,  0 ,  0 ,  0 ,  1 , 0 ,  0 ,  0 ,  0 ,  1 , 0 ,  0 ,  0 ,  0 ,  0 , 0 ,  1 ,  0 },
 {-0.95629315, -0.47568569, -0.26040787, -0.27802863, -0.69937616,-0.47143018, -1.23362164, -0.187474  , -0.71085361, -0.57590322, 0 ,  1 ,  0 ,  0 ,  0 , 0 ,  0 ,  0 ,  0 ,  0 , 1 ,  0 ,  0 ,  0 ,  0 , 0 ,  1 ,  0 }}
=================================================================
=========================X_A_mRMR_60***44=============================
=================================================================
{{ 1.2586783 ,  2.10222856,  1.22817558,  1.43894656,  1.17535253, 2.56122665, -0.50352044,  0.30280669,  0.00554996, -0.00670462,-0.21898712, -0.14969287, -0.02305039,  1.36834717,  3.0584768 , 0 ,  0 ,  0 ,  0 ,  1 , 0 ,  0 ,  0 ,  0 ,  1 , 0 ,  0 ,  0 ,  0 ,  1 , 0 ,  0 ,  0 ,  0 ,  1 , 0 ,  0 ,  0 ,  0 ,  0 , 1 ,  0 ,  0 ,  0 },
 { 0.54988744,  2.1023312 , -0.26040787,  0.18423392,  1.17535253,-0.43810428,  0.1135058 ,  0.76373518,  0.00553256, -0.00680031,-0.13645276, -0.15312442, -0.02646807,  1.36834717,  1.03013394, 0 ,  0 ,  0 ,  0 ,  1 , 0 ,  0 ,  0 ,  0 ,  1 , 0 ,  0 ,  0 ,  0 ,  0 , 1 ,  0 ,  0 ,  0 ,  1 , 0 ,  0 ,  0 ,  0 ,  0 , 1 ,  0 ,  0 ,  0 },
 {-0.95629315, -0.47568569, -0.26040787, -0.27802863, -0.69937616,-0.4630987 , -0.09216961, -1.23362164,  0.00553053, -0.00680536,-0.18447275, -0.15355336, -0.02740016, -0.48416051, -0.57590322, 0 ,  0 ,  0 ,  0 ,  1 , 0 ,  0 ,  0 ,  0 ,  1 , 0 ,  1 ,  0 ,  0 ,  0 , 0 ,  0 ,  0 ,  0 ,  0 , 1 ,  0 ,  0 ,  0 ,  0 , 1 ,  0 ,  0 ,  0 },
 { 1.2586783 , -0.47568569, -0.26040787, -0.27802863,  1.17535253, 2.56122665,  0.1135058 ,  0.76373518,  0.00565916, -0.00670922, 2.86029498,  0.76095504, -0.02460388,  1.36834717,  0.91295312, 0 ,  0 ,  0 ,  0 ,  1 , 0 ,  0 ,  0 ,  0 ,  0 , 1 ,  0 ,  0 ,  0 ,  1 , 0 ,  0 ,  0 ,  0 ,  1 , 0 ,  0 ,  0 ,  0 ,  0 , 1 ,  0 ,  0 ,  0 },
 {-0.95629315, -0.47568569, -0.26040787, -0.27802863, -0.69937616,-0.47143018, -0.29784503, -1.23362164,  0.0055304 , -0.00680536,-0.187474  , -0.15355336, -0.02740016, -0.71085361, -0.57590322, 0 ,  0 ,  0 ,  0 ,  1 , 0 ,  0 ,  0 ,  0 ,  1 , 0 ,  1 ,  0 ,  0 ,  0 , 0 ,  0 ,  0 ,  0 ,  0 , 1 ,  0 ,  0 ,  0 ,  0 , 1 ,  0 ,  0 ,  0 }}
=================================================================
=========================X***61=============================
=================================================================
{{-0.00052403,  0.00380084,  0.01705831,  0.01051408,  1.2586783 , 2.10222856,  1.22817558,  1.43894656,  1.17535253,  2.56122665,-0.50352044,  0.30280669,  0.00554996, -0.00670462, -0.00355231,-0.01049777, -0.01220704, -0.21898712, -0.14969287, -0.02305039,-0.01411548,  0.11311792, -0.0123667 ,  1.36834717,  3.0584768 , 0 ,  0 ,  0 ,  0 ,  0 , 0 ,  1 ,  0 ,  1 ,  0 , 0 ,  0 ,  0 ,  0 ,  0 , 1 ,  0 ,  0 ,  0 ,  0 , 1 ,  0 ,  0 ,  0 ,  1 , 0 ,  0 ,  0 ,  0 ,  0 , 0 ,  1 ,  0 ,  0 ,  0 , 0 },
 {-0.00777851, -0.00660258, -0.00801201, -0.00333475,  0.54988744, 2.1023312 , -0.26040787,  0.18423392,  1.17535253, -0.43810428, 0.1135058 ,  0.76373518,  0.00553256, -0.00680031, -0.00355231,-0.01049777, -0.01220704, -0.13645276, -0.15312442, -0.02646807,-0.01411548, -0.03045784, -0.0123667 ,  1.36834717,  1.03013394, 0 ,  0 ,  0 ,  0 ,  0 , 1 ,  0 ,  0 ,  1 ,  0 , 0 ,  0 ,  0 ,  0 ,  0 , 1 ,  0 ,  0 ,  0 ,  0 , 1 ,  0 ,  0 ,  0 ,  1 , 0 ,  0 ,  0 ,  0 ,  0 , 0 ,  0 ,  1 ,  0 ,  0 , 0 },
 {-0.00862421, -0.007903  , -0.00933523, -0.00795103, -0.95629315,-0.47568569, -0.26040787, -0.27802863, -0.69937616, -0.4630987 ,-0.09216961, -1.23362164,  0.00553053, -0.00680536, -0.00355231,-0.01049777, -0.01220704, -0.18447275, -0.15355336, -0.02740016,-0.01411548, -0.03045784, -0.0123667 , -0.48416051, -0.57590322, 0 ,  0 ,  0 ,  0 ,  0 , 1 ,  0 ,  0 ,  0 ,  1 , 0 ,  0 ,  0 ,  0 ,  0 , 1 ,  0 ,  0 ,  0 ,  0 , 1 ,  0 ,  0 ,  0 ,  1 , 0 ,  0 ,  0 ,  1 ,  0 , 0 ,  0 ,  0 ,  0 ,  0 , 0 },
 { 0.04499816,  0.00119998,  0.01585323,  0.00820594,  1.2586783 ,-0.47568569, -0.26040787, -0.27802863,  1.17535253,  2.56122665, 0.1135058 ,  0.76373518,  0.00565916, -0.00670922, -0.00355231,-0.01049777, -0.01220704,  2.86029498,  0.76095504, -0.02460388,-0.01411548,  0.04133004,  0.05188903,  1.36834717,  0.91295312, 0 ,  0 ,  0 ,  0 ,  0 , 0 ,  1 ,  0 ,  1 ,  0 , 0 ,  0 ,  0 ,  0 ,  0 , 1 ,  0 ,  0 ,  0 ,  0 , 0 ,  1 ,  0 ,  0 ,  1 , 0 ,  0 ,  0 ,  0 ,  0 , 0 ,  1 ,  0 ,  0 ,  0 , 0 },
 {-0.00867707, -0.007903  , -0.00933523, -0.00795103, -0.95629315,-0.47568569, -0.26040787, -0.27802863, -0.69937616, -0.47143018,-0.29784503, -1.23362164,  0.0055304 , -0.00680536, -0.00355231,-0.01049777, -0.01220704, -0.187474  , -0.15355336, -0.02740016,-0.01411548, -0.03045784, -0.0123667 , -0.71085361, -0.57590322, 0 ,  0 ,  0 ,  0 ,  0 , 1 ,  0 ,  0 ,  0 ,  1 , 0 ,  0 ,  0 ,  0 ,  0 , 1 ,  0 ,  0 ,  0 ,  0 , 1 ,  0 ,  0 ,  0 ,  1 , 0 ,  0 ,  0 ,  1 ,  0 , 0 ,  0 ,  0 ,  0 ,  0 , 0 }}


 `.text' will not fit in region `text'
 region `text' overflowed by 209992 bytes